1.5 25 40
51.1208 -42.5354 -89.3195 64.3598 48.6271 95.407 0.64592 46.8703 89.5638 19.5885 -45.887 -78.8887 81.3889 99.6247 -59.827 -28.0024 -10.4013 88.8544 -8.73013 66.743 33.8246 32.0251 -9.91977 -30.7467 -31.5824 -36.5427 -7.33371 -95.7485 -75.8837 -30.3858 47.2991 -31.6032 1.17091 81.671 -96.7878 42.4381 44.868 -34.027 37.1073 -25.7632
-81.5659 -84.2447 -53.1338 -26.0651 47.7278 91.8704 0.188171 7.53392 -89.776 -5.16413 95.1157 -27.7309 54.1422 41.6507 56.2789 -26.7444 -2.41145 -12.8364 -65.7245 1.61296 -68.5164 53.4203 -40.9591 -95.2207 -57.5213 92.4798 29.7311 10.9178 72.731 97.6636 21.1782 -59.6177 -84.9124 -42.2569 -80.7752 75.6895 67.7021 -98.8697 -39.5094 38.1045
-68.045 -69.1166 -55.1249 -12.8456 66.0421 83.2079 -14.0105 36.5477 -91.2441 61.9107 4.59612 -24.5583 -89.9383 53.4091 -21.1415 36.3776 40.1131 75.0052 -78.9245 52.619 -30.5545 -22.4364 -81.9062 27.5988 62.3792 -2.49374 10.0597 98.5983 -48.5618 32.7276 -56.9399 36.5893 21.7042 -50.418 22.4066 -41.7365 58.2513 -50.7829 -5.69172 -15.6704
29.0563 -84.5467 -12.3572 62.4972 -9.55286 82.7409 94.1021 22.5209 78.1024 77.2853 -95.3114 24.9529 -34.1503 -40.0036 49.9499 73.5009 -20.1574 -71.4851 74.8083 97.7121 19.2526 -88.7394 30.9006 -93.1557 48.9072 -36.7972 14.029 -57.0938 92.0093 -17.9759 -96.0566 -76.7806 56.6681 -14.6663 -30.9318 -64.4799 -57.3629 30.2197 86.9774 98.9986
-63.4844 79.2421 -43.7261 3.99699 -7.76598 -53.5368 25.622 -72.1496 -0.811317 12.4707 77.0476 45.5867 53.8379 -9.76628 -38.5249 90.0795 -41.8255 57.5726 60.9211 29.1732 57.5233 -43.5505 71.5741 54.673 -66.5017 -91.2326 -67.5474 52.5987 41.2375 90.169 -51.8449 -30.3824 73.7664 21.0858 -57.4776 84.6738 18.0922 -6.14323 28.8846 -75.8167
-4.24635 -3.68035 55.5051 -51.2138 -57.973 65.5076 -43.1141 -11.5295 64.6321 -70.9441 -77.395 -53.9325 -29.7083 3.31139 73.5197 -98.5122 87.6659 -69.909 -93.9381 -5.77273 -89.0782 -97.0662 28.2124 -37.4854 -80.7699 81.3179 -75.6962 -8.39653 -57.3318 -42.6745 -11.9329 54.5282 -40.3315 -86.5416 -33.4941 31.9693 -90.7313 20.3579 86.22 -37.4137
-15.2173 46.2903 -45.084 -14.0329 -66.1672 68.6724 12.9827 -6.92206 28.2212 -48.481 -80.3552 -80.9401 88.2469 57.912 -1.85292 8.66267 -84.0052 95.5836 2.13665 -10.3451 -90.136 -53.1494 -42.2982 73.5494 -20.3228 2.68232 -47.312 78.7908 -62.9172 -76.2528 -82.5427 33.6053 -22.2042 48.6275 38.736 -29.9344 17.0079 30.8485 -38.7043 -11.1385
17.7765 -54.3981 89.7829 26.1204 -55.2534 7.47924 12.0082 -52.3322 76.7448 -16.8123 57.8044 39.6397 5.25389 -98.047 -12.9084 -92.3765 58.2705 -0.773552 -40.2649 -37.6392 -21.9314 64.0981 -58.3475 25.1936 71.0062 -5.82127 78.686 -34.4041 57.1197 67.7401 13.6119 -11.2607 -22.3622 86.1383 57.1255 89.2184 54.1883 12.0392 -10.1202 3.08223
-95.1215 9.79453 19.9507 68.2732 21.3837 -15.3388 -58.1761 56.8728 5.53961 -17.5858 -8.38505 30.3002 -42.3609 81.972 -73.6433 -50.7559 50.6395 -16.3991 46.2098 -23.1367 14.3986 -46.9148 -1.36172 -34.2391 -37.8457 -42.0843 1.29502 59.0378 25.1119 63.8884 -12.4355 15.1481 -72.9034 95.0854 9.9581 38.8714 79.2233 7.11165 -59.6806 14.4235
42.0627 91.0721 -84.3202 89.3197 -66.0562 -42.5062 -3.97675 7.09068 57.4051 -12.9277 -99.6237 -53.2539 -13.9551 -46.1207 6.16894 -62.1377 -79.9851 -12.3114 -41.5005 68.1283 -27.4518 36.1767 20.1276 -77.2059 -16.0731 -15.987 -96.3119 -12.2297 87.4802 -85.5002 -61.1731 -52.2567 81.9889 -28.675 85.5554 -67.8388 1.65875 18.7643 41.5484 -40.8708
36.7642 -62.0257 -60.3896 -52.3412 58.7297 -9.8905 -46.7347 -49.6739 -6.1921 86.0608 -98.4238 55.0722 20.3461 22.3221 17.4127 -51.6445 -77.8332 21.0967 -9.70004 -48.1277 16.8404 48.0345 38.2433 -96.8948 -20.4319 33.4944 -26.3229 40.7757 62.3834 95.8471 -61.1937 30.9968 32.2462 64.0552 78.2212 63.6791 -46.6428 71.4879 5.96919 96.0717
29.8482 99.1247 -1.39362 64.3697 54.0855 17.6816 -99.215 78.6304 37.5275 74.0273 21.9342 51.3268 96.1302 -61.5687 -4.69377 73.4442 -27.7939 -8.36065 95.6894 -99.7178 44.3087 -57.9138 -34.3473 31.8053 -21.2597 -8.04144 61.1278 -69.3578 2.2693 -2.11367 -12.9953 37.5713 -20.7236 -58.4487 -1.59775 -80.5284 1.33326 -27.2143 -94.4382 13.9441
-73.6303 18.9527 -45.0898 -55.8417 98.3647 -61.261 -6.55216 -31.0243 69.0226 -78.8734 -63.4303 -73.2495 -13.1506 76.8304 73.5706 -38.3089 95.8991 2.64754 75.1683 8.10287 7.93448 -64.5842 -2.47122 -88.5803 25.0915 70.4204 -93.3874 58.3128 -93.8125 33.6822 56.5936 -46.7764 34.0607 -63.3491 29.6828 31.1974 -3.12888 91.5043 -59.3321 62.0994
65.103 55.8221 -50.8967 -26.7951 76.779 -29.7864 -93.4523 -9.4565 -86.2655 67.7228 10.0734 -43.8485 82.232 83.9368 41.6878 95.6202 33.809 50.1436 25.1929 -34.6362 -34.9159 -46.7294 10.2107 -90.6765 26.5028 98.4547 27.4579 -33.7413 -21.133 -9.22536 46.6253 86.1826 66.3007 -65.5105 30.4534 -33.3752 -54.1543 -11.8921 22.203 -23.8422
0.865265 91.0418 -29.0746 -77.6332 -10.9239 -98.7064 -20.9614 33.2876 7.82257 -88.8405 -79.6662 23.8723 -60.7337 -29.988 22.2855 16.6607 5.17303 17.6112 47.7172 25.5634 96.3502 -58.0469 14.0536 3.99004 70.4702 44.4778 -2.48975 -44.7624 -3.49621 95.0677 38.5138 60.0501 -12.5758 30.5826 88.3594 62.479 -65.2637 5.94113 -6.4138 -10.8297
74.5549 78.8172 94.7232 51.4122 -47.5687 -64.2395 5.48219 29.4814 -24.8114 -93.4191 22.7141 66.6378 -47.6274 -74.5604 53.1956 85.8756 94.4532 -5.77125 -78.2432 -96.4603 -56.6349 -2.6049 -45.9317 -40.9949 19.1688 47.9962 -86.6847 77.8868 -88.8519 -17.5865 6.5843 -61.7245 81.7473 -52.9809 54.3763 -0.982666 -21.5026 66.1287 94.8124 27.0628
-45.2069 -44.4992 -69.0416 -66.2321 60.927 -11.6373 36.8957 65.9428 -28.2865 -78.4457 87.0749 -7.89948 74.737 -62.4112 -73.5015 57.7149 -44.7851 -22.0903 -75.4809 89.7091 -23.7274 -93.2531 -46.4464 77.0611 -66.931 -90.1006 -67.2477 35.4798 44.74 -67.3064 -49.9377 53.0124 55.4715 -81.7 -79.2719 45.5246 -26.2165 -12.9979 92.6467 -84.8354
-2.64995 28.5567 -14.7699 66.884 -98.266 4.56664 88.2085 99.4036 -93.4935 68.36 45.1556 -48.0152 11.3431 69.0481 59.1022 27.5593 69.494 -11.3316 -85.7892 7.28487 -21.4857 87.7927 42.1909 -7.48271 -68.2908 9.03992 92.6374 59.3461 74.9401 15.3645 23.2568 -29.8327 67.8356 -12.781 -28.6684 22.9397 -20.0003 -84.0894 0.848221 -11.2612
-12.2061 71.8994 -30.0148 -58.1054 -38.7504 -66.9434 41.2692 60.8171 -5.8043 79.1001 -95.1914 -73.0618 -84.8542 39.111 63.9136 -2.40643 -11.2094 95.4237 -31.5887 -76.9396 65.6528 -1.91377 32.7873 -28.1174 -42.8567 83.1168 -72.0197 -84.7157 -96.2895 -81.1597 -39.982 31.1028 72.6005 86.7645 -82.2603 -72.4702 -32.7182 -16.4292 92.8983 81.7986
-14.3657 77.5574 65.9727 -27.545 42.7217 62.6325 -50.7556 82.5986 74.4425 48.3765 -65.7702 80.0777 -76.6331 -38.7832 -53.3136 -8.44341 -1.76431 90.0081 -40.2933 -90.2501 40.7932 -49.8974 -36.23 9.84602 -6.02144 -89.1695 -6.49552 -51.1732 -68.2292 -71.6756 -30.1644 -22.7625 36.8964 70.3421 77.9037 29.2529 92.466 -73.7812 76.0308 87.3194
19.9828 24.2433 68.4707 -98.671 64.1221 -74.8823 17.0016 54.5188 96.9887 -94.2395 -74.8272 19.9003 -38.8711 92.0797 55.4441 15.6941 -25.3015 15.3599 83.3827 -51.4311 -97.2288 -2.77173 -69.9799 -18.0732 -2.7639 64.7449 0.430534 54.1642 93.9438 -92.5004 98.9592 85.8422 -96.4824 41.1242 88.5676 55.5664 -45.1572 73.3337 1.49698 35.5665
-61.0625 -27.4302 6.20011 -57.8185 6.74006 -70.5889 94.7302 -87.446 64.4958 4.34104 51.5653 -2.1664 -85.3378 30.4518 -53.5741 -32.6437 -35.1008 -74.5735 73.2486 -52.2971 -94.3612 24.4218 -65.0612 -83.362 79.1422 -34.7931 16.2721 -82.2508 81.1019 -46.2076 -61.9011 -90.9699 -97.3394 96.5193 -8.30817 84.686 23.4159 56.0759 85.8766 54.5756
-98.6332 -29.235 76.5489 43.082 -98.8191 -13.6289 -63.7072 -36.7115 40.7909 28.1862 -56.6796 48.0713 45.5675 84.5055 31.9986 99.4986 -48.2015 8.82068 -6.82981 -19.6435 33.2424 58.7139 28.8444 -5.83791 -28.7895 36.3348 2.82644 -98.1565 -59.6463 -38.5628 -26.3553 87.837 -42.5239 -64.3665 78.4705 12.0419 -87.9154 68.1735 -55.5114 -16.6611
76.5149 5.69043 77.2292 76.4701 47.5171 -13.4379 29.0719 -84.3454 -88.6404 -61.152 54.0837 4.96533 4.01404 -35.7568 -74.6668 -55.6339 -29.8766 58.8665 67.6393 46.6913 72.3825 -49.9135 -56.3645 -82.5471 16.7148 28.3407 71.9837 -31.669 -63.3626 -42.2747 -57.7613 61.4026 -60.6857 -45.7791 -25.1503 -32.9813 39.0704 38.4496 -34.9855 2.45768
60.4795 13.9713 90.2952 -58.7119 48.141 98.4287 -53.3902 84.1001 39.2392 5.38108 -53.2114 -7.53593 -31.5355 -48.393 89.0163 98.0441 62.2715 20.9463 -17.7206 66.2111 -61.1684 64.1832 68.2224 -56.425 -13.7595 84.8176 49.5484 18.48 -94.3517 99.4707 -22.8735 96.428 -15.7342 -21.7761 -60.2246 91.9155 -36.0747 73.4698 -8.99919 -70.855